#    Time[ns]      Variable
            0.0000000000            18.7200000000
            0.1000000000            18.4956633170
            0.2000000000            19.3037567723
            0.3000000000            25.5334855930
            0.4000000000            21.3197724152
            0.5000000000            19.2714521685
            0.6000000000            16.9693803304
            0.7000000000            18.5287191893
            0.8000000000            24.2159209004
            0.9000000000            22.1068275641
            1.0000000000            25.6669356289
            1.1000000000            18.4190783006
            1.2000000000            10.9610149861
            1.3000000000            16.4702488268
            1.4000000000            11.1683031144
            1.5000000000            11.3604107027
            1.6000000000             5.1303193712
            1.7000000000            12.6776588797
            1.8000000000             7.5909928891
            1.9000000000            11.0099415988
            2.0000000000             8.0575912786
            2.1000000000            11.1623487072
            2.2000000000             9.8949629479
            2.3000000000            10.1794323668
            2.4000000000            11.3758805091
            2.5000000000            11.8287468432
            2.6000000000            17.2278868708
            2.7000000000            12.6786401606
            2.8000000000            13.0921403895
            2.9000000000            15.2067764595
            3.0000000000            15.5465766505
            3.1000000000            16.9103225000
            3.2000000000            17.1024034130
            3.3000000000            18.6526597801
            3.4000000000            14.4099356764
            3.5000000000            12.8844061301
            3.6000000000            14.2110331337
            3.7000000000            18.1220103470
            3.8000000000            20.7783928660
            3.9000000000            16.7148874474
            4.0000000000            13.8508815698
            4.1000000000            14.9067136168
            4.2000000000            12.6890559818
            4.3000000000            18.8038730569
            4.4000000000            21.9681373629
            4.5000000000            23.8207959678
            4.6000000000            21.4679600164
            4.7000000000            32.1942215025
            4.8000000000            30.1740511880
            4.9000000000            25.0806708041
            5.0000000000            26.2447238873
            5.1000000000            32.2564815721
            5.2000000000            31.6396819602
            5.3000000000            30.1201100721
            5.4000000000            33.5272949083
            5.5000000000            32.6427774119
            5.6000000000            32.7177826951
            5.7000000000            27.4901859329
            5.8000000000            29.2763390051
            5.9000000000            29.7148948841
            6.0000000000            28.7340875063
            6.1000000000            25.1711397430
            6.2000000000            25.4531874337
            6.3000000000            25.6703145109
            6.4000000000            25.6701025153
            6.5000000000            29.6267412288
            6.6000000000            23.0303935121
            6.7000000000            18.9395000908
            6.8000000000            16.5934018724
            6.9000000000            15.2360475946
            7.0000000000            11.6691792475
            7.1000000000            14.7120007304
            7.2000000000             8.6643945899
            7.3000000000             9.4807444201
            7.4000000000            12.5110433838
            7.5000000000            12.7753145573
            7.6000000000            14.1413817301
            7.7000000000            15.5534199962
            7.8000000000            18.5003191696
            7.9000000000            12.4001252021
            8.0000000000            12.4900878948
            8.1000000000            15.4309521726
            8.2000000000            16.9294487085
            8.3000000000            18.1841811769
            8.4000000000            16.1829065846
            8.5000000000            17.0399929410
            8.6000000000            17.8637777989
            8.7000000000            21.9386226640
            8.8000000000            18.0363159881
            8.9000000000            15.8307226802
            9.0000000000            10.7187579794
            9.1000000000            11.2620936018
            9.2000000000            13.9105770358
            9.3000000000            20.2610213357
            9.4000000000            19.9127811027
            9.5000000000            19.0926210212
            9.6000000000            21.2054555045
            9.7000000000            20.5162759699
            9.8000000000            20.3734243779
            9.9000000000            21.7098713965
           10.0000000000            20.6668041874
           10.1000000000            20.7017862833
           10.2000000000            24.2555075632
           10.3000000000            15.7452310956
           10.4000000000            16.4148717442
           10.5000000000            15.8866985126
           10.6000000000            21.9432425576
           10.7000000000            23.4573314183
           10.8000000000            22.4077571544
           10.9000000000            19.3904837848
           11.0000000000            14.6060717873
           11.1000000000            16.9277048318
           11.2000000000            18.4574677099
           11.3000000000            19.0600719396
           11.4000000000            11.5513868413
           11.5000000000            17.0679274393
           11.6000000000            17.7892009336
           11.7000000000            19.4286893997
           11.8000000000            15.9362646586
           11.9000000000            18.4727020989
           12.0000000000            16.9587245434
           12.1000000000            16.6053818518
           12.2000000000            22.8910705122
           12.3000000000            27.3134704687
           12.4000000000            21.0297092006
           12.5000000000            25.2627303360
           12.6000000000            24.6704482496
           12.7000000000            20.6419828864
           12.8000000000            19.8662444482
           12.9000000000            24.5319190782
           13.0000000000            28.4092151313
           13.1000000000            26.6389551231
           13.2000000000            28.5557030526
           13.3000000000            24.8009976290
           13.4000000000            18.6372665036
           13.5000000000            15.5582319764
           13.6000000000            14.1626451288
           13.7000000000            13.5170139388
           13.8000000000            17.5822909009
           13.9000000000            14.8046453866
           14.0000000000            16.0155527780
           14.1000000000            23.2996099069
           14.2000000000            15.3338379308
           14.3000000000             7.1726470419
           14.4000000000             9.1371224112
           14.5000000000            12.9690561202
           14.6000000000            10.8866142646
           14.7000000000            12.3298531172
           14.8000000000            11.5909390804
           14.9000000000            15.7313521403
           15.0000000000            12.5835657799
           15.1000000000            13.7802188661
           15.2000000000             7.8949815519
           15.3000000000             8.3383802979
           15.4000000000            16.0956190280
           15.5000000000            19.3110112871
           15.6000000000            23.8037925673
           15.7000000000            25.0726210951
           15.8000000000            27.0602143383
           15.9000000000            29.2022628531
           16.0000000000            29.9789355630
           16.1000000000            24.3385847813
           16.2000000000            21.2703303392
           16.3000000000            24.7017953130
           16.4000000000            23.2861340764
           16.5000000000            19.5427992669
           16.6000000000            24.7358776078
           16.7000000000            24.7557816567
           16.8000000000            25.4880448951
           16.9000000000            24.1265388100
           17.0000000000            23.3387930865
           17.1000000000            25.0446013166
           17.2000000000            28.5924085836
           17.3000000000            29.6128320121
           17.4000000000            24.0103898054
           17.5000000000            29.6376386176
           17.6000000000            29.2962310015
           17.7000000000            27.5751055606
           17.8000000000            22.9342092268
           17.9000000000            20.1228588694
           18.0000000000            18.7018625285
           18.1000000000            14.0467085357
           18.2000000000            18.6516326736
           18.3000000000            19.1636876972
           18.4000000000            16.5162014539
           18.5000000000            12.5073446284
           18.6000000000            13.4136958621
           18.7000000000            18.8083108140
           18.8000000000            15.9341230268
           18.9000000000            11.4793475348
           19.0000000000            10.9615476774
           19.1000000000            13.7804703824
           19.2000000000            13.5869894798
           19.3000000000             8.1717197879
           19.4000000000             5.0728162474
           19.5000000000             6.4622864432
           19.6000000000             8.5902882957
           19.7000000000            10.2130042423
           19.8000000000            19.3308010832
           19.9000000000            11.8621633988
           20.0000000000            15.6362366934
           20.1000000000            10.3727764501
           20.2000000000            11.0441522489
           20.3000000000            13.6300513469
           20.4000000000            16.9924769750
           20.5000000000            15.1198449000
           20.6000000000            10.5652107146
           20.7000000000            13.1251542789
           20.8000000000            11.8012420844
           20.9000000000            14.5303723343
           21.0000000000            22.2603344740
           21.1000000000            22.7478079744
           21.2000000000            26.8469227995
           21.3000000000            19.4582073268
           21.4000000000            14.5584882807
           21.5000000000            20.6943174443
           21.6000000000            23.9090697336
           21.7000000000            28.6106710953
           21.8000000000            31.9217493500
           21.9000000000            33.6028903760
           22.0000000000            31.8347101905
           22.1000000000            32.8040742304
           22.2000000000            29.8104235080
           22.3000000000            29.1006416795
           22.4000000000            25.2638458240
           22.5000000000            26.0152921113
           22.6000000000            26.0203717212
           22.7000000000            21.2167014858
           22.8000000000            23.0197554294
           22.9000000000            18.1002737236
           23.0000000000            22.7969405264
           23.1000000000            25.2600775522
           23.2000000000            24.3302106126
           23.3000000000            25.7292886755
           23.4000000000            30.0182488232
           23.5000000000            25.0972670005
           23.6000000000            23.1329096955
           23.7000000000            22.1696063634
           23.8000000000            27.1912036567
           23.9000000000            28.0446893604
           24.0000000000            26.1611926909
           24.1000000000            21.9393735667
           24.2000000000            21.6552410130
           24.3000000000            24.9906320810
           24.4000000000            27.0955426588
           24.5000000000            21.9454396599
           24.6000000000            21.0243341543
           24.7000000000            23.3406227463
           24.8000000000            19.1860760769
           24.9000000000            11.9137705548
           25.0000000000            15.4064080199
           25.1000000000            14.7268226136
           25.2000000000            21.0808762551
           25.3000000000            22.1289375336
           25.4000000000            21.8442791853
           25.5000000000            18.3404763964
           25.6000000000            17.1281353255
           25.7000000000            16.4930784409
           25.8000000000            16.4683475720
           25.9000000000            18.7985018319
           26.0000000000            16.9767390711
           26.1000000000            20.7345158271
           26.2000000000            14.5963241332
           26.3000000000            19.5919872041
           26.4000000000            19.6459660350
           26.5000000000            17.5387536372
           26.6000000000            13.9450088294
           26.7000000000            12.6958395098
           26.8000000000            18.6377396187
           26.9000000000            23.9183396277
           27.0000000000            18.8181428324
           27.1000000000            24.4420338342
           27.2000000000            19.3650895981
           27.3000000000            16.1172894091
           27.4000000000            15.7678018984
           27.5000000000            10.4549570303
           27.6000000000            14.8561449476
           27.7000000000            16.6044200629
           27.8000000000            15.1431789735
           27.9000000000            14.3003707128
           28.0000000000            11.3951678887
           28.1000000000            13.6414607711
           28.2000000000            17.0161148107
           28.3000000000            17.0932929555
           28.4000000000            15.9645312573
           28.5000000000             9.1248555347
           28.6000000000            15.8493311605
           28.7000000000            21.2335855002
           28.8000000000            18.9072090596
           28.9000000000            17.0491305225
           29.0000000000            15.5195507581
           29.1000000000            11.6807598671
           29.2000000000            13.3991251160
           29.3000000000            11.8166451392
           29.4000000000            16.3966256148
           29.5000000000            10.2978441840
           29.6000000000            10.6948707198
           29.7000000000            15.2332812536
           29.8000000000            16.5575633470
           29.9000000000             8.2675993504
           30.0000000000            14.6863608523
           30.1000000000            12.9680153956
           30.2000000000             9.2466602783
           30.3000000000            15.6039084082
           30.4000000000            19.7343370077
           30.5000000000            20.3577106000
           30.6000000000            20.9349375297
           30.7000000000            24.7877594957
           30.8000000000            24.6579672747
           30.9000000000            25.9753718969
           31.0000000000            19.6627981578
           31.1000000000            20.4513648358
           31.2000000000            22.9671169438
           31.3000000000            20.5779392739
           31.4000000000            16.5682485320
           31.5000000000             9.6100840415
           31.6000000000            10.6210377810
           31.7000000000            10.8031745644
           31.8000000000            15.0874950232
           31.9000000000            14.8743560041
           32.0000000000            13.5605969645
           32.1000000000            20.5958143608
           32.2000000000            18.6177343587
           32.3000000000            19.6824052222
           32.4000000000            21.9760300893
           32.5000000000            23.6070171417
           32.6000000000            21.4599821498
           32.7000000000            19.7957315108
           32.8000000000            11.7760674343
           32.9000000000            11.9409996892
           33.0000000000            12.0001991885
           33.1000000000            11.2648836117
           33.2000000000            13.5757158902
           33.3000000000            17.2288364150
           33.4000000000             8.6276040251
           33.5000000000             3.3439206981
           33.6000000000             6.7440442074
           33.7000000000            22.9010559809
           33.8000000000            20.0561618110
           33.9000000000            14.5974733859
           34.0000000000            17.8686868931
           34.1000000000            15.7605570442
           34.2000000000            20.6354966760
           34.3000000000            21.2735400913
           34.4000000000            20.3247102363
           34.5000000000            24.9179354578
           34.6000000000            19.2273380884
           34.7000000000            19.7741437879
           34.8000000000            22.5770783834
           34.9000000000            21.6511825304
           35.0000000000            25.3269236858
           35.1000000000            25.1010705189
           35.2000000000            15.6110379483
           35.3000000000            14.8701481023
           35.4000000000             9.6612430162
           35.5000000000            11.7932718893
           35.6000000000            11.6489081419
           35.7000000000            19.0978499108
           35.8000000000            24.0763633478
           35.9000000000            28.0055760445
           36.0000000000            23.2278435110
           36.1000000000            23.9633412759
           36.2000000000            26.9380958885
           36.3000000000            27.6169042246
           36.4000000000            26.2663902437
           36.5000000000            25.9622769964
           36.6000000000            28.0848438192
           36.7000000000            21.9193026175
           36.8000000000            24.0598263374
           36.9000000000            26.4068185920
           37.0000000000            27.5886980197
           37.1000000000            23.0275997112
           37.2000000000            25.8868925069
           37.3000000000            27.9911455061
           37.4000000000            27.2215230770
           37.5000000000            27.0210982827
           37.6000000000            28.1483238503
           37.7000000000            25.2867109275
           37.8000000000            24.6423333016
           37.9000000000            23.2696082015
           38.0000000000            23.5191248133
           38.1000000000            23.4061148243
           38.2000000000            18.7000955547
           38.3000000000            19.5703453294
           38.4000000000            21.4119137574
           38.5000000000            18.9570101041
           38.6000000000            16.8228216497
           38.7000000000            18.8205822414
           38.8000000000            17.6638232033
           38.9000000000            13.9883387620
           39.0000000000            12.6940374240
           39.1000000000            17.3394955626
           39.2000000000            19.4771522500
           39.3000000000            18.5293496295
           39.4000000000            18.2391386642
           39.5000000000            16.2396839932
           39.6000000000            15.9857546727
           39.7000000000            18.1267835133
           39.8000000000            16.0494417805
           39.9000000000            19.8406147904
           40.0000000000            17.4949590460
           40.1000000000            12.4027451634
           40.2000000000            13.6714937126
           40.3000000000            18.9882078178
           40.4000000000            20.3975236892
           40.5000000000            14.8569495298
           40.6000000000            14.3621277420
           40.7000000000            14.5504850782
           40.8000000000            16.3415517867
           40.9000000000            20.0082522697
           41.0000000000            24.1468679301
           41.1000000000            15.5955683440
           41.2000000000             8.9074329120
           41.3000000000            13.5231891365
           41.4000000000            15.0859184781
           41.5000000000            19.6609552288
           41.6000000000            27.3030589129
           41.7000000000            22.0628438479
           41.8000000000            22.9206510302
           41.9000000000            15.8407372721
           42.0000000000            17.6773533068
           42.1000000000            18.0374072933
           42.2000000000            13.0748724103
           42.3000000000            21.8919130924
           42.4000000000            16.7070384336
           42.5000000000            10.0472278468
           42.6000000000            15.2763131395
           42.7000000000            15.0722424715
           42.8000000000            15.9564046778
           42.9000000000            14.8692691373
           43.0000000000            11.6895383056
           43.1000000000             8.4294479734
           43.2000000000            10.6759743934
           43.3000000000            12.8100232304
           43.4000000000            12.2315914461
           43.5000000000            16.2033029651
           43.6000000000            20.8039384712
           43.7000000000            22.0451975812
           43.8000000000            19.2776820779
           43.9000000000            10.5150584888
           44.0000000000             9.0994143890
           44.1000000000            11.4845410799
           44.2000000000            18.2893715389
           44.3000000000            17.9382273194
           44.4000000000            15.3814816141
           44.5000000000            14.9389797013
           44.6000000000             9.6926990548
           44.7000000000            16.0076248937
           44.8000000000            15.0771328052
           44.9000000000            21.0706188053
           45.0000000000            17.9173555449
           45.1000000000             9.0874662430
           45.2000000000             9.5899762753
           45.3000000000            16.5114750222
           45.4000000000            22.2268208896
           45.5000000000            21.2186877274
           45.6000000000            30.0930622216
           45.7000000000            28.4054268219
           45.8000000000            25.2791773237
           45.9000000000            20.6232840812
           46.0000000000            19.8023893954
           46.1000000000            23.2573407714
           46.2000000000            16.9032911825
           46.3000000000            23.5080451831
           46.4000000000            21.2387130844
           46.5000000000            19.8415475911
           46.6000000000            21.1340370709
           46.7000000000            23.9507286504
           46.8000000000            21.7325471543
           46.9000000000            21.4532113159
           47.0000000000            21.0917850867
           47.1000000000            21.8902743923
           47.2000000000            24.6433960451
           47.3000000000            23.6563935020
           47.4000000000            23.6503335132
           47.5000000000            23.2989421881
           47.6000000000            23.2824602170
           47.7000000000            25.8945826875
           47.8000000000            23.6647140031
           47.9000000000            18.4542666446
           48.0000000000            22.3182969164
           48.1000000000            24.1195191199
           48.2000000000            18.2414800357
           48.3000000000            17.0028151627
           48.4000000000            17.7483180784
           48.5000000000            19.2728976571
           48.6000000000            15.0441140746
           48.7000000000             8.0425139349
           48.8000000000             7.6812043578
           48.9000000000            10.0042371260
           49.0000000000            11.7057640505
           49.1000000000            13.7548819311
           49.2000000000            16.4524504841
           49.3000000000            16.5330035955
           49.4000000000            17.9696026107
           49.5000000000            14.0469496063
           49.6000000000            16.1788375431
           49.7000000000            16.8904983915
           49.8000000000            11.8414011736
           49.9000000000            11.4185266337
           50.0000000000            14.0174256024
           50.1000000000            17.8914504103
           50.2000000000            17.2807198228
           50.3000000000            20.0636354633
           50.4000000000            20.0440747469
           50.5000000000            21.7643891354
           50.6000000000            23.4020696844
           50.7000000000            20.9211181108
           50.8000000000            26.6167000551
           50.9000000000            27.5488454111
           51.0000000000            25.6403777825
           51.1000000000            32.1047906321
           51.2000000000            29.1745531319
           51.3000000000            31.0158968639
           51.4000000000            28.6448724948
           51.5000000000            26.6909815871
           51.6000000000            25.7175059634
           51.7000000000            27.4028792124
           51.8000000000            22.9811866688
           51.9000000000            20.1729766567
           52.0000000000            22.0590542920
           52.1000000000            22.5568960840
           52.2000000000            18.8700288706
           52.3000000000            18.8039789182
           52.4000000000            22.9486808853
           52.5000000000            19.4150338158
           52.6000000000            13.8466389736
           52.7000000000            19.3361850169
           52.8000000000            15.5818779157
           52.9000000000            18.3599171666
           53.0000000000            20.6476096722
           53.1000000000            23.4761033773
           53.2000000000            18.7194091315
           53.3000000000            14.2017542014
           53.4000000000            18.7898279729
           53.5000000000            17.8200329140
           53.6000000000            10.4358237192
           53.7000000000            11.6600324893
           53.8000000000            12.8753127334
           53.9000000000            15.1309822418
           54.0000000000            17.3639634913
           54.1000000000            19.1530770898
           54.2000000000            14.4499407172
           54.3000000000            15.5155814138
           54.4000000000            15.9027621596
           54.5000000000            20.8410784891
           54.6000000000            20.9001588105
           54.7000000000            23.8422666901
           54.8000000000            16.6076300099
           54.9000000000            20.1543755021
           55.0000000000            15.3697304329
           55.1000000000            14.9398367511
           55.2000000000            16.3407089539
           55.3000000000            19.4884287665
           55.4000000000            19.1628591370
           55.5000000000            19.7220913302
           55.6000000000            18.5435051503
           55.7000000000            15.8967748879
           55.8000000000            16.8464850612
           55.9000000000            20.8280898290
           56.0000000000            19.1844236787
           56.1000000000            21.8452700721
           56.2000000000            25.7424050306
           56.3000000000            24.4154343676
           56.4000000000            19.4400871241
           56.5000000000            20.5906889834
           56.6000000000            22.1350684072
           56.7000000000            22.9921666886
           56.8000000000            16.6661029582
           56.9000000000            14.7111691616
           57.0000000000            15.4883398920
           57.1000000000            26.3974554043
           57.2000000000            26.4246447726
           57.3000000000            19.8796501104
           57.4000000000            15.9218065626
           57.5000000000             8.0028148263
           57.6000000000            12.3957011027
           57.7000000000            14.3740545872
           57.8000000000            16.9056799311
           57.9000000000            17.8978668359
           58.0000000000            12.8850506645
           58.1000000000            16.1098591438
           58.2000000000            22.1747408031
           58.3000000000            25.4100409544
           58.4000000000            25.0695221767
           58.5000000000            26.5062973740
           58.6000000000            19.6094257708
           58.7000000000            23.5968080309
           58.8000000000            26.6931664445
           58.9000000000            25.3260047856
           59.0000000000            26.8517887979
           59.1000000000            26.8848910202
           59.2000000000            24.2306707013
           59.3000000000            24.2194659896
           59.4000000000            28.2855571613
           59.5000000000            29.5540742686
           59.6000000000            30.6090193450
           59.7000000000            31.8451294214
           59.8000000000            28.9265448145
           59.9000000000            30.1380466034
           60.0000000000            29.7821447414
           60.1000000000            30.5331830985
           60.2000000000            35.8709753994
           60.3000000000            41.8581632677
           60.4000000000            31.6929817123
           60.5000000000            36.1168464200
           60.6000000000            32.0209852908
           60.7000000000            28.3796272466
           60.8000000000            22.9586364319
           60.9000000000            23.3200388100
           61.0000000000            19.9673604916
           61.1000000000            15.6686753491
           61.2000000000            11.9500697343
           61.3000000000             8.6978217039
           61.4000000000             3.2181081604
           61.5000000000             2.2477141717
           61.6000000000             2.6829686773
           61.7000000000             1.8052241506
           61.8000000000             8.2822747407
           61.9000000000            17.3157309093
           62.0000000000            17.9785422794
           62.1000000000            17.0877186747
           62.2000000000            21.1426916857
           62.3000000000            23.3319360440
           62.4000000000            21.6047319615
           62.5000000000            22.7245876721
           62.6000000000            22.3402379518
           62.7000000000            20.4519563319
           62.8000000000            20.8774193725
           62.9000000000            21.2891270765
           63.0000000000            16.9549077302
           63.1000000000            20.1131819705
           63.2000000000            22.9119859713
           63.3000000000            28.4381194195
           63.4000000000            29.6793623860
           63.5000000000            29.4487444345
           63.6000000000            29.7584444890
           63.7000000000            28.6772822838
           63.8000000000            27.0547629150
           63.9000000000            25.5072612313
           64.0000000000            29.2982922156
           64.1000000000            32.0615551130
           64.2000000000            33.0350083242
           64.3000000000            33.5356735137
           64.4000000000            30.5590645203
           64.5000000000            32.7420855575
           64.6000000000            32.4348157707
           64.7000000000            27.4726204658
           64.8000000000            25.4288362122
           64.9000000000            23.8460571685
           65.0000000000            20.0491769474
           65.1000000000            21.4111320114
           65.2000000000            21.3691179984
           65.3000000000            24.4354545261
           65.4000000000            21.2717585047
           65.5000000000            17.7088840279
           65.6000000000            20.2425486706
           65.7000000000            22.9052330783
           65.8000000000            26.9265071120
           65.9000000000            26.2748267614
           66.0000000000            23.5410112033
           66.1000000000            21.4729257381
           66.2000000000            24.9811115433
           66.3000000000            24.9115368744
           66.4000000000            17.9808552111
           66.5000000000            23.6987086622
           66.6000000000            17.8706346341
           66.7000000000             8.8715437864
           66.8000000000             7.5215727533
           66.9000000000            11.7133542544
           67.0000000000            10.9328866078
           67.1000000000            11.5669799281
           67.2000000000            10.1178381453
           67.3000000000             7.1900516957
           67.4000000000            19.1662066020
           67.5000000000            11.1442605954
           67.6000000000             9.7671004456
           67.7000000000            15.2631054599
           67.8000000000            18.0867235006
           67.9000000000            18.8555744387
           68.0000000000            18.9268061692
           68.1000000000            15.9797094434
           68.2000000000            18.9032145070
           68.3000000000            17.7480256297
           68.4000000000            19.5099055185
           68.5000000000            20.0169159261
           68.6000000000            18.6472000746
           68.7000000000            24.0045120555
           68.8000000000            24.0714246015
           68.9000000000            18.6842468943
           69.0000000000            19.5516126577
           69.1000000000            19.7921031742
           69.2000000000            17.8580339466
           69.3000000000            17.6237895033
           69.4000000000            18.7569700681
           69.5000000000            16.3438782673
           69.6000000000            14.8606446566
           69.7000000000            16.1244911342
           69.8000000000            15.6249750063
           69.9000000000            21.6653056689
           70.0000000000            18.7992429569
           70.1000000000            19.9613661881
           70.2000000000            16.8161019802
           70.3000000000            20.4111156888
           70.4000000000            22.1115852306
           70.5000000000            27.4818741052
           70.6000000000            22.8007755184
           70.7000000000            21.2554755936
           70.8000000000            27.6420076587
           70.9000000000            23.6173358771
           71.0000000000            26.8523748548
           71.1000000000            25.6726886808
           71.2000000000            18.2431341030
           71.3000000000            17.5889449623
           71.4000000000            15.4507589418
           71.5000000000            18.9071878841
           71.6000000000            21.5264622904
           71.7000000000            23.6967109559
           71.8000000000            31.7545005544
           71.9000000000            20.3585778899
           72.0000000000            28.4940163247
           72.1000000000            25.8006364467
           72.2000000000            20.9432701534
           72.3000000000            16.2060525539
           72.4000000000            15.5009015879
           72.5000000000            12.9496066886
           72.6000000000            16.9953664888
           72.7000000000            11.1142466215
           72.8000000000             9.9975025803
           72.9000000000            14.6612683267
           73.0000000000            16.6917925096
           73.1000000000            18.2974150717
           73.2000000000            23.7802357420
           73.3000000000            27.6778945044
           73.4000000000            27.9159302554
           73.5000000000            23.1737010092
           73.6000000000            23.6468739095
           73.7000000000            26.3317286472
           73.8000000000            27.0915556344
           73.9000000000            30.1783070250
           74.0000000000            29.2247459326
           74.1000000000            29.0378069268
           74.2000000000            22.5197124942
           74.3000000000            27.7551609737
           74.4000000000            26.6704424077
           74.5000000000            22.4488514518
           74.6000000000            16.9860411593
           74.7000000000            22.9074061719
           74.8000000000            16.4351986592
           74.9000000000            16.8350168763
           75.0000000000            16.3614946316
           75.1000000000            18.3358385202
           75.2000000000            14.0953134459
           75.3000000000            15.7552189628
           75.4000000000            19.6421141708
           75.5000000000            19.0845614095
           75.6000000000            22.8779059421
           75.7000000000            24.1315252171
           75.8000000000            21.9780804402
           75.9000000000            26.9459517834
           76.0000000000            23.3834647978
           76.1000000000            27.6673415568
           76.2000000000            24.7989016213
           76.3000000000            24.4365604295
           76.4000000000            21.3555944352
           76.5000000000            25.3177796558
           76.6000000000            22.4552564985
           76.7000000000            21.3976643955
           76.8000000000            21.3817143462
           76.9000000000            24.5111371675
           77.0000000000            25.2240390383
           77.1000000000            26.8687775722
           77.2000000000            20.4821077097
           77.3000000000            19.1438926578
           77.4000000000            16.2001380519
           77.5000000000            13.3752442843
           77.6000000000             9.7771915534
           77.7000000000            10.6705327464
           77.8000000000             6.6369762584
           77.9000000000             7.5862825157
           78.0000000000            13.3520765497
           78.1000000000            16.5099925007
           78.2000000000            18.5855578547
           78.3000000000            19.0719339697
           78.4000000000            15.9384089064
           78.5000000000            14.2266662060
           78.6000000000            20.2499573244
           78.7000000000            21.8481508622
           78.8000000000            20.6788709235
           78.9000000000            15.8230936701
           79.0000000000            12.8342261781
           79.1000000000            10.6147851654
           79.2000000000             9.9992762693
           79.3000000000            13.9839745340
           79.4000000000            16.2195469920
           79.5000000000            20.8738971219
           79.6000000000            22.9494844825
           79.7000000000            24.6504759684
           79.8000000000            17.3607193749
           79.9000000000            21.7078620689
           80.0000000000            18.1026904043
           80.1000000000            22.0451445718
           80.2000000000            21.1052107890
           80.3000000000            22.8237277787
           80.4000000000            21.1081591665
           80.5000000000            17.9721385640
           80.6000000000            19.7713467221
           80.7000000000            14.0878192224
           80.8000000000            15.8007809415
           80.9000000000            17.5092103905
           81.0000000000            20.6791609332
           81.1000000000            18.6459862905
           81.2000000000            19.3030201914
           81.3000000000            17.9803783210
           81.4000000000            22.0911512644
           81.5000000000            28.8125419997
           81.6000000000            20.8937323366
           81.7000000000            22.2074153607
           81.8000000000            20.9761706416
           81.9000000000            17.8627232969
           82.0000000000            19.9472868497
           82.1000000000            22.0127908007
           82.2000000000            23.2472810394
           82.3000000000            24.4711921175
           82.4000000000            22.9109561361
           82.5000000000            28.4099849089
           82.6000000000            32.5283822426
           82.7000000000            27.1677489557
           82.8000000000            25.6160780708
           82.9000000000            22.4308741855
           83.0000000000            26.0416794809
           83.1000000000            31.9934198542
           83.2000000000            29.0837991526
           83.3000000000            28.1057026286
           83.4000000000            26.3877928622
           83.5000000000            25.2133403504
           83.6000000000            25.2587047730
           83.7000000000            19.9979048701
           83.8000000000            18.7630132950
           83.9000000000            19.3081668097
           84.0000000000            22.2609469475
           84.1000000000            23.9434638049
           84.2000000000            22.8820732508
           84.3000000000            24.6920806509
           84.4000000000            21.2504773619
           84.5000000000            16.8218913816
           84.6000000000            19.2194131862
           84.7000000000            21.5508164900
           84.8000000000            20.2433988435
           84.9000000000            21.0688561022
           85.0000000000            20.4121407091
           85.1000000000            23.2389461294
           85.2000000000            23.7965650697
           85.3000000000            23.2251968433
           85.4000000000            19.7506662800
           85.5000000000            19.7646727272
           85.6000000000            18.1544162038
           85.7000000000            14.4901981082
           85.8000000000            12.9489036511
           85.9000000000            11.5472107840
           86.0000000000            13.0866471525
           86.1000000000            10.6120651567
           86.2000000000             6.6028437271
           86.3000000000             7.5844457844
           86.4000000000            12.1752962658
           86.5000000000            17.5824481359
           86.6000000000            20.4224723018
           86.7000000000            17.1930647758
           86.8000000000            10.5135293086
           86.9000000000            14.7539243226
           87.0000000000             9.7856563531
           87.1000000000             8.7868792486
           87.2000000000            16.1579592230
           87.3000000000            13.6284585280
           87.4000000000            13.7133595985
           87.5000000000            11.9240394185
           87.6000000000            12.8008036183
           87.7000000000            13.0624959995
           87.8000000000            12.3394357249
           87.9000000000            17.6029010793
           88.0000000000            15.5149291945
           88.1000000000            21.3654811449
           88.2000000000            24.5833781831
           88.3000000000            22.6787596011
           88.4000000000            19.7423070585
           88.5000000000            18.4285954260
           88.6000000000            16.5067810088
           88.7000000000            11.7706513714
           88.8000000000            21.1016828045
           88.9000000000            22.3498840600
           89.0000000000            25.1644464734
           89.1000000000            20.0481284877
           89.2000000000            22.3171929662
           89.3000000000            21.9295895288
           89.4000000000            28.3752873666
           89.5000000000            31.2143821958
           89.6000000000            30.0668321033
           89.7000000000            26.0660833296
           89.8000000000            18.9832654143
           89.9000000000            19.5425083854
           90.0000000000            20.7196028049
           90.1000000000            23.7313969098
           90.2000000000            23.0231691070
           90.3000000000            32.0787395674
           90.4000000000            22.4081056808
           90.5000000000            19.1339670660
           90.6000000000            15.0026867568
           90.7000000000            23.2123817463
           90.8000000000            23.9770024156
           90.9000000000            17.8038015880
           91.0000000000            24.1308263455
           91.1000000000            27.0933907237
           91.2000000000            28.6289783428
           91.3000000000            24.9107499522
           91.4000000000            26.0393630754
           91.5000000000            22.5929481014
           91.6000000000            27.0900531246
           91.7000000000            22.0784332752
           91.8000000000            19.4178158905
           91.9000000000            24.2303966222
           92.0000000000            21.3845713920
           92.1000000000            22.1101494614
           92.2000000000            23.3476286014
           92.3000000000            24.4564473891
           92.4000000000            31.1179225000
           92.5000000000            29.4273282000
           92.6000000000            30.3846435260
           92.7000000000            33.7196434972
           92.8000000000            33.6030869121
           92.9000000000            34.1525101086
           93.0000000000            31.5329357964
           93.1000000000            26.8908461323
           93.2000000000            25.0593996572
           93.3000000000            27.0177616807
           93.4000000000            32.3077742397
           93.5000000000            30.5462744105
           93.6000000000            31.6253415403
           93.7000000000            28.9701752910
           93.8000000000            27.2914486197
           93.9000000000            23.3569335780
           94.0000000000            21.9115581929
           94.1000000000            23.6409241029
           94.2000000000            22.6910067303
           94.3000000000            26.0762359224
           94.4000000000            16.0273033520
           94.5000000000            11.7104844627
           94.6000000000            11.2000447252
           94.7000000000            13.5795771819
           94.8000000000            13.1787934000
           94.9000000000            13.6551279928
           95.0000000000            10.5458830598
           95.1000000000             6.1928408969
           95.2000000000            14.4725988776
           95.3000000000            16.9279509419
           95.4000000000            18.4915430017
           95.5000000000            22.7528060909
           95.6000000000            20.0882083737
           95.7000000000            24.8786107106
           95.8000000000            25.7429417538
           95.9000000000            19.8355870489
           96.0000000000            23.4638184529
           96.1000000000            25.4726036565
           96.2000000000            23.7152274450
           96.3000000000            19.0645803904
           96.4000000000            16.3983479513
           96.5000000000            15.1997676269
           96.6000000000            20.6468495827
           96.7000000000            20.5142936897
           96.8000000000            26.3276199546
           96.9000000000            31.1401062278
           97.0000000000            30.1829022051
           97.1000000000            24.6308106545
           97.2000000000            23.2230976336
           97.3000000000            20.9522230466
           97.4000000000            19.5283556079
           97.5000000000            17.6127533179
           97.6000000000            19.1270731661
           97.7000000000            10.4005795379
           97.8000000000            10.9766415472
           97.9000000000            16.5111629275
           98.0000000000            13.5305616077
           98.1000000000            18.4851400248
           98.2000000000            13.0907939075
           98.3000000000             6.6396542171
           98.4000000000             3.4440171053
           98.5000000000            11.3713029738
           98.6000000000            15.2783849387
           98.7000000000            16.7050551868
           98.8000000000            17.0602317717
           98.9000000000            17.9622545055
           99.0000000000            14.4121373991
           99.1000000000            13.5317114297
           99.2000000000            12.8738156217
           99.3000000000            18.5802503480
           99.4000000000            14.5766212584
           99.5000000000            15.7508665227
           99.6000000000            14.5479368841
           99.7000000000            18.8346544535
           99.8000000000            16.6760762985
           99.9000000000            24.4701478237
          100.0000000000            29.7781918678
